   400
   1.20444229e+00   1.58709904e-01   9.52471960e-02   3.49178475e-01
   6.94150378e-01   1.62065038e+00   1.53856225e+00   3.63085641e-02
   4.74591109e-01   1.65695828e-01   1.66446249e+00   8.40285720e-01
   2.61695163e-01   2.31614896e-01   1.58013020e+00   6.35509950e-03
   6.80610419e-01   1.21400432e-01   1.13281261e+00   1.61505892e+00
   1.66454441e-01   1.72438241e+00   1.88667246e+00   1.72327227e+00
   1.54661332e+00   9.84590400e-01   1.45313345e+00   7.49043388e-01
   1.45048341e+00   1.64287865e+00   1.28141487e+00   1.59574104e+00
   1.46298294e+00   1.46629048e+00   1.54348961e+00   1.57013416e+00
   1.22995404e+00   1.31142345e+00  -1.99364553e+00   3.94564752e-01
   1.51715449e+00   1.69169139e+00   1.74186686e+00  -2.91373382e+00
   7.52150898e-01   1.68537303e+00   3.71160238e-01  -3.73033884e+00
   3.52484080e-01  -1.48694206e+00  -7.45290416e-01   5.63807442e-01
   1.27093179e+00   5.35133607e-01  -1.71330375e-01  -2.50197293e+00
  -2.63275448e+00  -3.15561550e+00  -2.11022490e+00  -3.51303563e+00
  -3.52018155e-02  -3.99843114e+00  -3.08095445e+00  -1.79023024e+00
  -3.37520544e+00  -2.38578575e+00  -3.54741267e+00  -2.92344384e+00
  -1.01009705e+00  -3.02185838e-01  -1.47947199e-01  -2.41113498e+00
  -3.52065970e+00  -3.09762480e+00  -3.86453574e+00   3.46287902e-02
  -3.81297733e+00  -2.54941164e+00  -3.61833546e+00  -2.31720968e+00
  -3.85843301e+00  -3.77182528e+00  -3.22643424e+00  -2.49748107e+00
  -2.94157976e+00  -2.91391859e+00  -3.70623964e+00  -1.95265709e+00
  -2.66020434e+00   8.17304141e-01   1.21768512e+00  -1.66246175e+00
  -2.75111411e+00  -3.31873701e+00  -2.14063182e-01  -1.09902222e+00
  -1.94767785e+00  -4.99991014e-01  -2.52618507e+00   1.96360773e+00
  -1.02715843e+00   3.03248341e+00   1.51559027e+00   2.21864283e+00
  -2.40385821e+00   2.00630521e+00   3.17911628e+00  -1.45188351e+00
   1.21496393e+00   2.04613301e+00  -1.62182614e+00   3.17993200e+00
   3.96799188e+00   3.29897728e-01   4.07816588e+00  -3.17566012e-01
   3.31129113e+00  -9.52809386e-01   3.03768998e+00   3.55052992e+00
   3.55990775e+00   2.33663285e+00   2.31352433e+00   2.79495212e-01
   1.51862547e-01   1.96155941e+00   5.47353260e-01   3.49044034e+00
   2.72566042e+00   2.13606508e+00   3.67042248e+00   3.92260947e+00
   3.08862031e+00   1.92948433e+00   1.38946995e+00   3.51428218e+00
   1.13035696e+00   3.33545460e+00   9.15905230e-03   1.68097254e+00
   2.30710971e+00   2.21404832e+00  -5.31842726e-01  -3.45874829e-01
  -9.83826601e-02   6.55029428e-01   5.83612433e-01  -7.68172854e-01
  -5.52725703e-02  -1.25961956e+00   9.42805936e-01   3.77681531e+00
  -1.70922458e+00  -1.08169517e+00  -1.40307039e+00  -6.43634519e-01
  -6.32543454e-01  -8.53713550e-01  -1.22772526e+00   9.50740231e-01
  -5.97375125e-01   5.01933176e-01  -1.88988467e+00  -1.23602220e+00
  -1.74861600e+00  -1.48828262e+00  -1.27810421e+00  -1.99338361e+00
  -6.80758371e-02   1.07968241e+00  -1.49733014e+00  -1.02248497e+00
  -6.88068627e-02  -1.77284297e+00  -1.42903599e+00  -1.63191608e+00
  -1.57413453e-01  -1.69732959e+00  -7.20691107e-01  -1.49836618e+00
  -1.53285135e+00  -7.83079289e-01  -5.65545945e-01  -4.28247557e-03
  -9.54816172e-01  -1.43027299e+00  -1.99139039e-01  -3.93228458e-01
  -3.13917579e-01  -5.55629383e-01  -5.61729204e-02  -5.84257606e-02
  -8.07037000e-01  -1.86016879e-01  -9.65590226e-03  -1.52664558e+00
  -2.32543323e-02  -2.11665124e-02  -2.37912887e-01  -5.85846410e-01
  -1.07049581e+00  -2.32905994e-03  -9.27980849e-02  -9.24081181e-01
  -4.27415411e-02  -7.88306156e-02  -1.35471230e+00  -9.64506801e-02
  -4.88903965e-01  -1.40428145e+00  -1.03032194e-01  -1.76823043e+00
  -1.81435331e+00  -4.03453231e-01  -1.13007684e+00  -3.30143778e-01
  -1.03592948e-01  -1.62823990e+00  -1.27072988e+00  -3.24165041e-01
  -8.31515613e-01  -1.15541550e+00  -8.81319474e-01  -5.14135967e-01
  -3.41907953e-01  -1.50008474e+00  -1.09546543e+00  -1.71840632e+00
  -1.68448953e+00  -1.23608462e+00  -8.06782295e-01  -1.06026703e+00
  -1.25449646e+00  -1.71040125e+00  -4.54245598e-01  -1.78717499e+00
  -1.26536725e+00  -2.93821146e-01  -4.04645730e-01   2.03128629e+00
  -1.02564465e+00  -1.07882287e+00  -1.48728331e+00   1.52973464e+00
  -1.39893030e+00  -3.67322611e-01  -1.53385549e+00   1.75371064e+00
  -1.15897743e+00   2.94968569e+00  -1.38165997e+00   2.41200118e+00
   1.48331333e+00  -1.29300070e+00   3.02838862e+00  -1.14374794e+00
  -1.06870636e+00   2.70728746e+00  -2.29022863e-01   1.80385877e-01
   7.87999977e-01  -1.65291432e-01   3.73979818e+00   3.48775653e+00
   2.08377776e+00   2.36553487e+00   3.47039369e+00   2.42914859e+00
   3.90210781e+00   2.03812322e+00   4.04388429e+00   3.15341019e+00
   3.09441731e+00   1.00077505e+00   3.22109077e+00   3.03895157e+00
  -1.10566174e-01   1.45338553e+00   3.42704770e+00   3.16377425e+00
   3.06435279e+00   2.97153034e+00   3.66817242e+00   1.81576373e+00
  -6.52056092e-01   2.39565436e+00  -1.83495474e-02  -1.85426248e+00
  -7.55084589e-02   3.68327360e+00   3.01854545e+00   6.67169560e-01
   3.21959504e+00   6.71420203e-01   3.62660798e+00   3.41692475e+00
  -4.99555802e-01   2.82564692e+00   3.67261725e+00   7.88007167e-01
   3.86155325e+00  -2.85587710e-01   2.28420287e+00   2.81396650e-01
   3.13503544e-01  -1.43368358e+00   9.57195160e-01  -1.85436896e+00
   3.81805817e-01  -2.78967630e+00  -3.28548806e+00  -2.22349866e+00
  -2.78061591e+00   8.26303188e-01  -3.72885115e+00  -1.23292968e+00
  -9.58935652e-01  -3.85811062e+00  -3.59301074e+00  -3.19689248e+00
  -2.12766839e+00  -2.96424870e+00  -3.60274154e+00  -1.17472896e+00
  -2.58752094e+00  -3.16293962e+00  -1.72757867e+00  -3.45341213e+00
  -2.81273166e+00  -1.03553265e+00  -3.15675590e-01  -3.70141041e+00
  -4.21189811e+00  -2.46094977e+00  -3.43569797e+00  -3.34469058e+00
  -1.38193635e+00  -3.17949403e+00  -2.42119633e+00  -1.33643509e+00
  -3.06299272e+00  -3.56504553e+00  -3.34451075e+00   7.77655270e-01
  -2.98030710e+00  -3.55225078e+00  -1.82974404e+00   1.46532816e+00
   1.56688198e+00  -2.96543364e+00  -9.60755845e-01  -3.37890943e+00
   1.47135345e+00  -3.02829566e+00   7.50982262e-03   1.79730919e+00
   3.91077683e-01   1.63881069e+00  -8.84278418e-01   1.56546135e+00
   1.59529239e+00   1.27139537e+00   1.40701977e+00   1.58125802e+00
  -1.72159327e+00   5.68722722e-01   1.60960641e+00   1.70849761e+00
   3.77494361e-02   1.77885147e+00   1.57017560e+00   1.31626221e+00
   1.45580659e+00   9.95670227e-02   1.49806312e+00   1.19805866e+00
   1.30759534e+00   1.69066279e+00   1.54457758e+00   3.36164302e-01
   4.71520896e-01   1.79332637e+00   1.75802645e+00   1.11059510e+00
   2.25410298e-02   1.03402966e+00   1.46010385e-01   1.50301824e+00
   5.29563078e-01   7.23526086e-01   1.24444151e+00   7.11308695e-01
   3.65824427e-02   5.96719268e-01   1.77160218e-01   4.50367941e-01
   3.75726453e-02   2.13641164e-01   3.24386893e-01   7.30780825e-01